11 0.51875 0.40703125 0.01171875 0.02578125
11 0.59375 0.43828125 0.01171875 0.03125
55 0.6140625 0.34453125 0.02109375 0.05625
55 0.6890625 0.365625 0.01640625 0.05625
55 0.7734375 0.41953125 0.01640625 0.04140625
54 0.5453125 0.34296875 0.01640625 0.03203125
6 0.51875 0.41484375 0.00390625 0.00546875
6 0.59375 0.44765625 0.00390625 0.00625
52 0.6140625 0.34765625 0.00703125 0.0125
52 0.6890625 0.36875 0.00546875 0.0125
52 0.7734375 0.42265625 0.00546875 0.009375
53 0.5453125 0.3453125 0.00546875 0.00703125