11 0.52109375 0.42109375 0.009375 0.02109375
11 0.5890625 0.45078125 0.01171875 0.02109375
55 0.603125 0.3734375 0.01875 0.046875
55 0.665625 0.3921875 0.0140625 0.046875
55 0.7375 0.4375 0.01640625 0.0375
54 0.240625 0.46171875 0.01171875 0.028125
54 0.5453125 0.3734375 0.01640625 0.028125
6 0.52109375 0.42734375 0.003125 0.00390625
6 0.5890625 0.45703125 0.00390625 0.00390625
52 0.603125 0.37578125 0.00625 0.01015625
52 0.665625 0.39453125 0.0046875 0.01015625
52 0.7375 0.43984375 0.00546875 0.00859375
53 0.240625 0.46328125 0.00390625 0.00625
53 0.5453125 0.375 0.00546875 0.00625