11 0.4765625 0.3625 0.00703125 0.01875
11 0.6296875 0.3265625 0.009375 0.028125
11 0.68046875 0.36328125 0.009375 0.021875
44 0.6984375 0.25078125 0.021875 0.06640625
44 0.8359375 0.33359375 0.01015625 0.04453125
43 0.6078125 0.24375 0.0140625 0.04140625
6 0.4765625 0.365625 0.00390625 0.00625
6 0.63125 0.33203125 0.00546875 0.009375
6 0.68125 0.3671875 0.00546875 0.00703125
41 0.6984375 0.23671875 0.01484375 0.025
41 0.8375 0.32421875 0.00703125 0.01640625
42 0.6078125 0.23515625 0.009375 0.015625