11 0.4015625 0.359375 0.00703125 0.01875
11 0.57109375 0.32265625 0.0109375 0.01875
11 0.6265625 0.36328125 0.0078125 0.025
44 0.675 0.20703125 0.028125 0.08125
44 0.85625 0.31953125 0.0171875 0.053125
43 0.0578125 0.28828125 0.0140625 0.03828125
43 0.55546875 0.196875 0.01875 0.05
6 0.403125 0.3625 0.00390625 0.00625
6 0.571875 0.32578125 0.00625 0.00625
6 0.62734375 0.36796875 0.0046875 0.00859375
41 0.675 0.18984375 0.01875 0.03046875
41 0.85625 0.3078125 0.01171875 0.01953125
42 0.0578125 0.28046875 0.009375 0.01484375
42 0.55546875 0.18671875 0.0125 0.01875