11 0.434375 0.22109375 0.021875 0.053125
11 0.5171875 0.2328125 0.02109375 0.046875
11 0.70078125 0.32578125 0.0125 0.034375
55 0.5171875 0.34765625 0.01015625 0.028125
55 0.540625 0.34609375 0.01015625 0.02265625
55 0.584375 0.36796875 0.0078125 0.02109375
6 0.4359375 0.23046875 0.0125 0.01796875
6 0.51875 0.24140625 0.01171875 0.015625
6 0.7015625 0.33203125 0.00703125 0.01171875
52 0.51875 0.3484375 0.00703125 0.01171875
52 0.5421875 0.34765625 0.00703125 0.009375
52 0.584375 0.36875 0.00546875 0.00859375