44 0.1984375 0.30390625 0.03046875 0.075
44 0.4671875 0.36796875 0.0046875 0.01015625
44 0.5328125 0.34765625 0.00703125 0.01328125
44 0.57578125 0.36875 0.0046875 0.01015625
44 0.6015625 0.21171875 0.01875 0.05
44 0.75 0.31171875 0.01953125 0.05859375
41 0.1984375 0.30390625 0.03046875 0.075
41 0.4671875 0.36796875 0.0046875 0.01015625
41 0.5328125 0.34765625 0.00703125 0.01328125
41 0.57578125 0.36875 0.0046875 0.01015625
41 0.6015625 0.21171875 0.01875 0.05
41 0.75 0.31171875 0.01953125 0.05859375