44 0.3 0.34609375 0.02109375 0.053125
44 0.4828125 0.39140625 0.0046875 0.01640625
44 0.5453125 0.37265625 0.00703125 0.01640625
44 0.58515625 0.39140625 0.0046875 0.01015625
44 0.59609375 0.2796875 0.0140625 0.03828125
44 0.70625 0.3546875 0.01484375 0.04453125
41 0.3 0.34609375 0.02109375 0.053125
41 0.4828125 0.39140625 0.0046875 0.01640625
41 0.5453125 0.37265625 0.00703125 0.01640625
41 0.58515625 0.39140625 0.0046875 0.01015625
41 0.59609375 0.2796875 0.0140625 0.03828125
41 0.70625 0.3546875 0.01484375 0.04453125