11 0.515625 0.40625 0.0078125 0.025
11 0.584375 0.43046875 0.0078125 0.025
11 0.559375 0.4375 0.00703125 0.0125
11 0.521875 0.42421875 0.00546875 0.0125
11 0.53984375 0.40703125 0.0109375 0.028125
11 0.53515625 0.42109375 0.0109375 0.021875
11 0.53125 0.43046875 0.00546875 0.0125
6 0.515625 0.40625 0.0078125 0.025
6 0.584375 0.43046875 0.0078125 0.025
6 0.559375 0.4375 0.00703125 0.0125
6 0.521875 0.42421875 0.00546875 0.0125
6 0.53984375 0.40703125 0.0109375 0.028125
6 0.53515625 0.42109375 0.0109375 0.021875
6 0.53125 0.43046875 0.00546875 0.0125