55 0.5765625 0.4296875 0.0046875 0.015625
55 0.54765625 0.4171875 0.009375 0.02578125
44 0.7859375 0.37734375 0.03046875 0.08125
44 0.496875 0.2828125 0.02890625 0.078125
44 0.6015625 0.28515625 0.02890625 0.08125
44 0.5546875 0.40703125 0.01015625 0.03359375
44 0.5984375 0.4296875 0.01171875 0.03828125
52 0.5765625 0.4296875 0.0046875 0.015625
52 0.54765625 0.4171875 0.009375 0.02578125
41 0.7859375 0.37734375 0.03046875 0.08125
41 0.496875 0.2828125 0.02890625 0.078125
41 0.6015625 0.28515625 0.02890625 0.08125
41 0.5546875 0.40703125 0.01015625 0.03359375
41 0.5984375 0.4296875 0.01171875 0.03828125