11 0.384375 0.35390625 0.0078125 0.01875
11 0.559375 0.31640625 0.0125 0.01875
11 0.61640625 0.3578125 0.0140625 0.028125
44 0.6796875 0.1765625 0.03515625 0.08671875
44 0.884375 0.30546875 0.01640625 0.06171875
10 0.5421875 0.178125 0.02109375 0.0375
6 0.38515625 0.35703125 0.0046875 0.00625
6 0.5609375 0.31953125 0.00703125 0.00625
6 0.6171875 0.36328125 0.0078125 0.009375
41 0.6796875 0.1578125 0.0234375 0.03203125
41 0.884375 0.29296875 0.0109375 0.02265625
9 0.54375 0.184375 0.01171875 0.0125