11 0.5171875 0.4078125 0.009375 0.028125
11 0.5890625 0.43359375 0.00703125 0.025
11 0.525 0.42734375 0.00546875 0.0125
11 0.5375 0.4265625 0.0078125 0.015625
11 0.5625 0.43984375 0.00703125 0.015625
11 0.534375 0.4328125 0.00546875 0.015625
11 0.540625 0.4078125 0.00703125 0.034375
6 0.5171875 0.4078125 0.009375 0.028125
6 0.5890625 0.43359375 0.00703125 0.025
6 0.525 0.42734375 0.00546875 0.0125
6 0.5375 0.4265625 0.0078125 0.015625
6 0.5625 0.43984375 0.00703125 0.015625
6 0.534375 0.4328125 0.00546875 0.015625
6 0.540625 0.4078125 0.00703125 0.034375