11 0.3953125 0.36015625 0.00546875 0.01875
11 0.56640625 0.32265625 0.0109375 0.01875
11 0.62265625 0.36328125 0.009375 0.028125
44 0.6765625 0.19765625 0.028125 0.08125
44 0.865625 0.31640625 0.01640625 0.053125
43 0.025 0.28203125 0.0140625 0.03828125
43 0.55078125 0.1859375 0.01875 0.046875
6 0.3953125 0.36328125 0.003125 0.00625
6 0.5671875 0.32578125 0.00625 0.00625
6 0.6234375 0.36796875 0.00546875 0.009375
41 0.6765625 0.18046875 0.01875 0.03046875
41 0.86640625 0.3046875 0.0109375 0.01953125
42 0.025 0.27421875 0.009375 0.01484375
42 0.55078125 0.1765625 0.0125 0.01796875