44 0.43515625 0.10703125 0.03125 0.08125
44 0.6421875 0.11875 0.03046875 0.08125
44 0.5328125 0.42109375 0.01015625 0.028125
44 0.5171875 0.40078125 0.0140625 0.03359375
44 0.5640625 0.43359375 0.0078125 0.028125
44 0.590625 0.42109375 0.01015625 0.01640625
44 0.5421875 0.403125 0.01171875 0.03359375
44 0.3953125 0.42265625 0.0046875 0.01640625
41 0.43515625 0.10703125 0.03125 0.08125
41 0.6421875 0.11875 0.03046875 0.08125
41 0.5328125 0.42109375 0.01015625 0.028125
41 0.5171875 0.40078125 0.0140625 0.03359375
41 0.5640625 0.43359375 0.0078125 0.028125
41 0.590625 0.42109375 0.01015625 0.01640625
41 0.5421875 0.403125 0.01171875 0.03359375
41 0.3953125 0.42265625 0.0046875 0.01640625