11 0.15625 0.3859375 0.01640625 0.053125
11 0.5234375 0.31640625 0.02109375 0.053125
11 0.59609375 0.32109375 0.021875 0.05625
11 0.7359375 0.38828125 0.01640625 0.0625
44 0.5578125 0.41484375 0.01015625 0.03828125
44 0.60625 0.43671875 0.01015625 0.04453125
6 0.15625 0.3859375 0.01640625 0.053125
6 0.5234375 0.31640625 0.02109375 0.053125
6 0.59609375 0.32109375 0.021875 0.05625
6 0.7359375 0.38828125 0.01640625 0.0625
41 0.5578125 0.41484375 0.01015625 0.03828125
41 0.60625 0.43671875 0.01015625 0.04453125