11 0.4421875 0.12265625 0.03515625 0.090625
11 0.640625 0.1328125 0.03515625 0.090625
44 0.5421875 0.40546875 0.0125 0.03359375
44 0.515625 0.4015625 0.01171875 0.03046875
44 0.5640625 0.43359375 0.00703125 0.021875
44 0.5328125 0.4234375 0.01171875 0.03046875
44 0.3953125 0.4234375 0.0046875 0.01328125
44 0.590625 0.43046875 0.0140625 0.03359375
6 0.4421875 0.12265625 0.03515625 0.090625
6 0.640625 0.1328125 0.03515625 0.090625
41 0.5421875 0.40546875 0.0125 0.03359375
41 0.515625 0.4015625 0.01171875 0.03046875
41 0.5640625 0.43359375 0.00703125 0.021875
41 0.5328125 0.4234375 0.01171875 0.03046875
41 0.3953125 0.4234375 0.0046875 0.01328125
41 0.590625 0.43046875 0.0140625 0.03359375