11 0.415625 0.18671875 0.0234375 0.053125
11 0.51484375 0.20078125 0.025 0.046875
11 0.7390625 0.30703125 0.02109375 0.046875
55 0.5203125 0.34453125 0.01171875 0.02578125
55 0.54375 0.34296875 0.01171875 0.015625
55 0.5890625 0.365625 0.00703125 0.02265625
6 0.4171875 0.19609375 0.01328125 0.01796875
6 0.51640625 0.20859375 0.0140625 0.015625
6 0.740625 0.31484375 0.01171875 0.015625
52 0.5203125 0.34453125 0.0078125 0.01015625
52 0.54375 0.34375 0.0078125 0.00625
52 0.58984375 0.3671875 0.0046875 0.009375