11 0.5265625 0.37890625 0.01171875 0.02109375
11 0.62109375 0.41171875 0.0140625 0.03671875
55 0.675 0.23828125 0.0328125 0.07890625
55 0.796875 0.27265625 0.028125 0.07890625
55 0.9359375 0.3609375 0.01875 0.046875
43 0.0421875 0.42890625 0.028125 0.06015625
43 0.56328125 0.24375 0.0375 0.075
6 0.5265625 0.38515625 0.00390625 0.00390625
6 0.62109375 0.4234375 0.0046875 0.00703125
52 0.675 0.24296875 0.0109375 0.01796875
52 0.796875 0.27734375 0.009375 0.01796875
52 0.9359375 0.36328125 0.00625 0.01015625
42 0.0421875 0.41328125 0.009375 0.01328125
42 0.56328125 0.22265625 0.0125 0.01640625