11 0.51875 0.41015625 0.009375 0.02109375
11 0.58828125 0.44140625 0.009375 0.02109375
55 0.603125 0.3609375 0.01875 0.046875
55 0.66796875 0.37890625 0.0140625 0.04140625
55 0.7421875 0.4265625 0.0140625 0.03203125
54 0.2296875 0.453125 0.009375 0.01875
54 0.5421875 0.36015625 0.01171875 0.02265625
6 0.51875 0.41640625 0.003125 0.00390625
6 0.58828125 0.44765625 0.003125 0.00390625
52 0.603125 0.36328125 0.00625 0.01015625
52 0.66796875 0.38203125 0.0046875 0.009375
52 0.7421875 0.42890625 0.0046875 0.00703125
53 0.2296875 0.45390625 0.003125 0.00390625
53 0.5421875 0.36171875 0.00390625 0.00546875