11 0.60390625 0.3765625 0.0140625 0.03671875
11 0.665625 0.39140625 0.01640625 0.05234375
11 0.7359375 0.43828125 0.01640625 0.04140625
11 0.934375 0.41640625 0.0328125 0.06796875
11 0.5234375 0.42265625 0.009375 0.02578125
11 0.590625 0.45390625 0.009375 0.02578125
10 0.24765625 0.4640625 0.0140625 0.02578125
10 0.546875 0.37109375 0.02578125 0.046875
6 0.60390625 0.38828125 0.0046875 0.00703125
6 0.665625 0.40703125 0.00546875 0.01015625
6 0.7359375 0.45078125 0.00546875 0.00859375
6 0.934375 0.43671875 0.0109375 0.01328125
6 0.5234375 0.43046875 0.003125 0.00546875
6 0.590625 0.46171875 0.003125 0.00546875
9 0.24765625 0.47265625 0.0046875 0.00546875
9 0.546875 0.3859375 0.00859375 0.009375