11 0.5328125 0.3890625 0.01171875 0.02578125
11 0.6203125 0.425 0.009375 0.02109375
55 0.6578125 0.28359375 0.028125 0.06953125
55 0.76015625 0.31328125 0.0234375 0.06953125
55 0.875 0.3859375 0.02109375 0.05078125
43 0.1140625 0.4375 0.02109375 0.0375
43 0.56484375 0.2828125 0.028125 0.046875
6 0.5328125 0.39765625 0.00390625 0.00546875
6 0.6203125 0.43125 0.003125 0.00390625
52 0.6578125 0.28828125 0.009375 0.015625
52 0.76015625 0.3171875 0.0078125 0.015625
52 0.875 0.3890625 0.00703125 0.01171875
42 0.1140625 0.42734375 0.00703125 0.00859375
42 0.56484375 0.26953125 0.009375 0.01015625