11 0.53125 0.38515625 0.009375 0.02578125
11 0.621875 0.4171875 0.009375 0.03671875
55 0.665625 0.2640625 0.028125 0.06953125
55 0.775 0.2953125 0.02578125 0.065625
55 0.9015625 0.3734375 0.01875 0.05078125
43 0.08359375 0.43671875 0.0234375 0.05078125
43 0.5640625 0.26796875 0.0375 0.065625
6 0.53125 0.39296875 0.003125 0.00546875
6 0.621875 0.42890625 0.003125 0.00703125
52 0.665625 0.26796875 0.009375 0.015625
52 0.775 0.29921875 0.00859375 0.01484375
52 0.9015625 0.3765625 0.00625 0.01171875
42 0.08359375 0.4234375 0.0078125 0.01171875
42 0.5640625 0.25 0.0125 0.01484375