11 0.521875 0.3890625 0.009375 0.02578125
11 0.6171875 0.42734375 0.01171875 0.02578125
44 0.678125 0.24921875 0.0328125 0.084375
44 0.8046875 0.27734375 0.01875 0.04140625
44 0.9546875 0.37265625 0.02109375 0.05625
43 0.0140625 0.43671875 0.028125 0.05625
43 0.559375 0.23515625 0.03515625 0.06015625
6 0.521875 0.39765625 0.003125 0.00546875
6 0.6171875 0.4359375 0.00390625 0.00546875
41 0.678125 0.22578125 0.0109375 0.01875
41 0.8046875 0.26640625 0.00625 0.009375
41 0.9546875 0.35703125 0.00703125 0.0125
42 0.0140625 0.42109375 0.009375 0.0125
42 0.559375 0.21953125 0.01171875 0.01328125