11 0.5203125 0.40234375 0.009375 0.02578125
11 0.5984375 0.43671875 0.009375 0.02578125
55 0.621875 0.33203125 0.0234375 0.05625
55 0.70078125 0.35390625 0.0328125 0.08828125
55 0.79375 0.41484375 0.01875 0.04140625
54 0.171875 0.4453125 0.02109375 0.046875
54 0.546875 0.33125 0.01875 0.0375
6 0.5203125 0.4109375 0.003125 0.00546875
6 0.5984375 0.4453125 0.003125 0.00546875
52 0.621875 0.33515625 0.0078125 0.0125
52 0.70078125 0.35859375 0.0109375 0.01953125
52 0.79375 0.4171875 0.00625 0.009375
53 0.171875 0.44765625 0.00703125 0.01015625
53 0.546875 0.33359375 0.00625 0.00859375