11 0.53046875 0.38984375 0.009375 0.02109375
11 0.6125 0.41640625 0.01640625 0.046875
55 0.64375 0.3 0.02578125 0.06015625
55 0.734375 0.32734375 0.02109375 0.046875
55 0.8375 0.39375 0.01875 0.0375
43 0.14609375 0.43515625 0.0140625 0.0375
43 0.559375 0.29765625 0.028125 0.0375
6 0.53046875 0.39609375 0.003125 0.00390625
6 0.6125 0.43046875 0.00546875 0.009375
52 0.64375 0.30390625 0.00859375 0.01328125
52 0.734375 0.33046875 0.00703125 0.01015625
52 0.8375 0.39609375 0.00625 0.00859375
42 0.14609375 0.425 0.0046875 0.00859375
42 0.559375 0.2875 0.009375 0.00859375