11 0.51875 0.4109375 0.01171875 0.02578125
11 0.5921875 0.44140625 0.01171875 0.03125
55 0.609375 0.3546875 0.02109375 0.05078125
55 0.6796875 0.37421875 0.02109375 0.046875
55 0.759375 0.42578125 0.01640625 0.0375
54 0.54453125 0.35234375 0.0234375 0.04140625
6 0.51875 0.41953125 0.00390625 0.00546875
6 0.5921875 0.45078125 0.00390625 0.00625
52 0.609375 0.3578125 0.00703125 0.01171875
52 0.6796875 0.37734375 0.00703125 0.01015625
52 0.759375 0.428125 0.00546875 0.00859375
53 0.54453125 0.3546875 0.0078125 0.009375