11 0.51875 0.40859375 0.009375 0.02109375
11 0.5890625 0.43515625 0.01640625 0.03671875
55 0.6046875 0.35546875 0.02578125 0.05625
55 0.6703125 0.37578125 0.01640625 0.04140625
55 0.746875 0.42265625 0.0140625 0.04140625
54 0.225 0.45078125 0.01171875 0.028125
54 0.54375 0.3546875 0.01640625 0.03203125
6 0.51875 0.41484375 0.003125 0.00390625
6 0.5890625 0.44609375 0.00546875 0.00703125
52 0.6046875 0.35859375 0.00859375 0.0125
52 0.6703125 0.37890625 0.00546875 0.009375
52 0.746875 0.42578125 0.0046875 0.009375
53 0.225 0.45234375 0.00390625 0.00625
53 0.54375 0.35703125 0.00546875 0.00703125