11 0.58125 0.4234375 0.00546875 0.028125
11 0.56875 0.42578125 0.00546875 0.01875
11 0.546875 0.41640625 0.00546875 0.025
11 0.55078125 0.40703125 0.0078125 0.025
55 0.5609375 0.38203125 0.01640625 0.05234375
55 0.528125 0.37890625 0.02109375 0.05390625
55 0.3515625 0.403125 0.0140625 0.04140625
55 0.62265625 0.41484375 0.009375 0.03125
6 0.58125 0.4234375 0.00546875 0.028125
6 0.56875 0.42578125 0.00546875 0.01875
6 0.546875 0.41640625 0.00546875 0.025
6 0.55078125 0.40703125 0.0078125 0.025
52 0.5609375 0.38203125 0.01640625 0.05234375
52 0.528125 0.37890625 0.02109375 0.05390625
52 0.3515625 0.403125 0.0140625 0.04140625
52 0.62265625 0.41484375 0.009375 0.03125