44 0.4 0.4234375 0.00546875 0.01328125
44 0.4609375 0.20078125 0.03046875 0.06640625
44 0.61171875 0.21171875 0.028125 0.078125
44 0.88125 0.34140625 0.02890625 0.07265625
44 0.5171875 0.40390625 0.009375 0.025
44 0.5328125 0.4234375 0.01015625 0.03046875
44 0.5421875 0.40546875 0.01171875 0.03046875
44 0.5625 0.43359375 0.00703125 0.021875
44 0.58828125 0.42734375 0.009375 0.025
41 0.4 0.4234375 0.00546875 0.01328125
41 0.4609375 0.20078125 0.03046875 0.06640625
41 0.61171875 0.21171875 0.028125 0.078125
41 0.88125 0.34140625 0.02890625 0.07265625
41 0.5171875 0.40390625 0.009375 0.025
41 0.5328125 0.4234375 0.01015625 0.03046875
41 0.5421875 0.40546875 0.01171875 0.03046875
41 0.5625 0.43359375 0.00703125 0.021875
41 0.58828125 0.42734375 0.009375 0.025