11 0.5421875 0.428125 0.00546875 0.0125
55 0.54921875 0.41640625 0.0125 0.03125
55 0.5859375 0.434375 0.0125 0.03359375
44 0.68125 0.41640625 0.01953125 0.05625
44 0.5140625 0.35859375 0.0234375 0.05859375
44 0.2125 0.40859375 0.03046875 0.06640625
44 0.57421875 0.36171875 0.01875 0.053125
6 0.5421875 0.428125 0.00546875 0.0125
52 0.54921875 0.41640625 0.0125 0.03125
52 0.5859375 0.434375 0.0125 0.03359375
41 0.68125 0.41640625 0.01953125 0.05625
41 0.5140625 0.35859375 0.0234375 0.05859375
41 0.2125 0.40859375 0.03046875 0.06640625
41 0.57421875 0.36171875 0.01875 0.053125