11 0.540625 0.434375 0.00703125 0.025
11 0.56796875 0.44765625 0.0078125 0.01875
55 0.3640625 0.4359375 0.0171875 0.03828125
55 0.546875 0.41328125 0.01640625 0.04140625
55 0.60234375 0.43984375 0.0140625 0.03125
55 0.51796875 0.4125 0.0171875 0.04140625
6 0.540625 0.434375 0.00703125 0.025
6 0.56796875 0.44765625 0.0078125 0.01875
52 0.3640625 0.4359375 0.0171875 0.03828125
52 0.546875 0.41328125 0.01640625 0.04140625
52 0.60234375 0.43984375 0.0140625 0.03125
52 0.51796875 0.4125 0.0171875 0.04140625