11 0.4375 0.13125 0.03046875 0.075
11 0.640625 0.1359375 0.03515625 0.090625
44 0.5421875 0.41640625 0.01171875 0.03671875
44 0.515625 0.41328125 0.0125 0.028125
44 0.5625 0.44609375 0.00703125 0.021875
44 0.53203125 0.43359375 0.009375 0.028125
44 0.39375 0.43515625 0.0046875 0.01015625
44 0.590625 0.43984375 0.00703125 0.025
6 0.4375 0.13125 0.03046875 0.075
6 0.640625 0.1359375 0.03515625 0.090625
41 0.5421875 0.41640625 0.01171875 0.03671875
41 0.515625 0.41328125 0.0125 0.028125
41 0.5625 0.44609375 0.00703125 0.021875
41 0.53203125 0.43359375 0.009375 0.028125
41 0.39375 0.43515625 0.0046875 0.01015625
41 0.590625 0.43984375 0.00703125 0.025