11 0.10546875 0.33203125 0.0109375 0.046875
11 0.4546875 0.2765625 0.01796875 0.040625
11 0.5140625 0.28515625 0.01796875 0.034375
11 0.65 0.35078125 0.0140625 0.03125
55 0.51171875 0.36171875 0.009375 0.02109375
55 0.53125 0.36171875 0.01015625 0.02578125
6 0.10625 0.33984375 0.00625 0.015625
6 0.45625 0.28359375 0.01015625 0.01328125
6 0.515625 0.29140625 0.01015625 0.01171875
6 0.65078125 0.35625 0.0078125 0.01015625
52 0.51171875 0.3625 0.00625 0.00859375
52 0.5328125 0.3625 0.00703125 0.01015625