11 0.3921875 0.35546875 0.0078125 0.021875
11 0.56484375 0.31875 0.0109375 0.025
11 0.62109375 0.36015625 0.009375 0.021875
44 0.67734375 0.19140625 0.028125 0.08125
44 0.8703125 0.3125 0.0171875 0.05625
43 0.0140625 0.27890625 0.0171875 0.04453125
43 0.5484375 0.1828125 0.02421875 0.06171875
6 0.39296875 0.36015625 0.0046875 0.00703125
6 0.565625 0.32265625 0.00625 0.00859375
6 0.621875 0.3640625 0.00546875 0.00703125
41 0.67734375 0.17421875 0.01875 0.03046875
41 0.8703125 0.3 0.01171875 0.02109375
42 0.0140625 0.26875 0.01171875 0.01640625
42 0.55 0.16953125 0.01640625 0.02265625