11 0.440625 0.1234375 0.03515625 0.090625
11 0.640625 0.13203125 0.03515625 0.090625
44 0.5421875 0.40546875 0.0125 0.03359375
44 0.515625 0.4015625 0.01171875 0.03046875
44 0.5625 0.434375 0.00546875 0.025
44 0.5328125 0.4234375 0.01171875 0.028125
44 0.3953125 0.425 0.0046875 0.01640625
44 0.590625 0.43046875 0.0125 0.03359375
6 0.440625 0.1234375 0.03515625 0.090625
6 0.640625 0.13203125 0.03515625 0.090625
41 0.5421875 0.40546875 0.0125 0.03359375
41 0.515625 0.4015625 0.01171875 0.03046875
41 0.5625 0.434375 0.00546875 0.025
41 0.5328125 0.4234375 0.01171875 0.028125
41 0.3953125 0.425 0.0046875 0.01640625
41 0.590625 0.43046875 0.0125 0.03359375